|11111111|11000                             1ff8  [13]
|11111111|11111111|1011000                7fffd8  [23]
|11111111|11111111|11111110|0010         fffffe2  [28]
|11111111|11111111|11111110|0011         fffffe3  [28]
|11111111|11111111|11111110|0100         fffffe4  [28]
|11111111|11111111|11111110|0101         fffffe5  [28]
|11111111|11111111|11111110|0110         fffffe6  [28]
|11111111|11111111|11111110|0111         fffffe7  [28]
|11111111|11111111|11111110|1000         fffffe8  [28]
|11111111|11111111|11101010               ffffea  [24]
|11111111|11111111|11111111|111100      3ffffffc  [30]
|11111111|11111111|11111110|1001         fffffe9  [28]
|11111111|11111111|11111110|1010         fffffea  [28]
|11111111|11111111|11111111|111101      3ffffffd  [30]
|11111111|11111111|11111110|1011         fffffeb  [28]
|11111111|11111111|11111110|1100         fffffec  [28]
|11111111|11111111|11111110|1101         fffffed  [28]
|11111111|11111111|11111110|1110         fffffee  [28]
|11111111|11111111|11111110|1111         fffffef  [28]
|11111111|11111111|11111111|0000         ffffff0  [28]
|11111111|11111111|11111111|0001         ffffff1  [28]
|11111111|11111111|11111111|0010         ffffff2  [28]
|11111111|11111111|11111111|111110      3ffffffe  [30]
|11111111|11111111|11111111|0011         ffffff3  [28]
|11111111|11111111|11111111|0100         ffffff4  [28]
|11111111|11111111|11111111|0101         ffffff5  [28]
|11111111|11111111|11111111|0110         ffffff6  [28]
|11111111|11111111|11111111|0111         ffffff7  [28]
|11111111|11111111|11111111|1000         ffffff8  [28]
|11111111|11111111|11111111|1001         ffffff9  [28]
|11111111|11111111|11111111|1010         ffffffa  [28]
|11111111|11111111|11111111|1011         ffffffb  [28]
|010100                                       14  [ 6]
|11111110|00                                 3f8  [10]
|11111110|01                                 3f9  [10]
|11111111|1010                               ffa  [12]
|11111111|11001                             1ff9  [13]
|010101                                       15  [ 6]
|11111000                                     f8  [ 8]
|11111111|010                                7fa  [11]
|11111110|10                                 3fa  [10]
|11111110|11                                 3fb  [10]
|11111001                                     f9  [ 8]
|11111111|011                                7fb  [11]
|11111010                                     fa  [ 8]
|010110                                       16  [ 6]
|010111                                       17  [ 6]
|011000                                       18  [ 6]
|00000                                         0  [ 5]
|00001                                         1  [ 5]
|00010                                         2  [ 5]
|011001                                       19  [ 6]
|011010                                       1a  [ 6]
|011011                                       1b  [ 6]
|011100                                       1c  [ 6]
|011101                                       1d  [ 6]
|011110                                       1e  [ 6]
|011111                                       1f  [ 6]
|1011100                                      5c  [ 7]
|11111011                                     fb  [ 8]
|11111111|1111100                           7ffc  [15]
|100000                                       20  [ 6]
|11111111|1011                               ffb  [12]
|11111111|00                                 3fc  [10]
|11111111|11010                             1ffa  [13]
|100001                                       21  [ 6]
|1011101                                      5d  [ 7]
|1011110                                      5e  [ 7]
|1011111                                      5f  [ 7]
|1100000                                      60  [ 7]
|1100001                                      61  [ 7]
|1100010                                      62  [ 7]
|1100011                                      63  [ 7]
|1100100                                      64  [ 7]
|1100101                                      65  [ 7]
|1100110                                      66  [ 7]
|1100111                                      67  [ 7]
|1101000                                      68  [ 7]
|1101001                                      69  [ 7]
|1101010                                      6a  [ 7]
|1101011                                      6b  [ 7]
|1101100                                      6c  [ 7]
|1101101                                      6d  [ 7]
|1101110                                      6e  [ 7]
|1101111                                      6f  [ 7]
|1110000                                      70  [ 7]
|1110001                                      71  [ 7]
|1110010                                      72  [ 7]
|11111100                                     fc  [ 8]
|1110011                                      73  [ 7]
|11111101                                     fd  [ 8]
|11111111|11011                             1ffb  [13]
|11111111|11111110|000                     7fff0  [19]
|11111111|11100                             1ffc  [13]
|11111111|111100                            3ffc  [14]
|100010                                       22  [ 6]
|11111111|1111101                           7ffd  [15]
|00011                                         3  [ 5]
|100011                                       23  [ 6]
|00100                                         4  [ 5]
|100100                                       24  [ 6]
|00101                                         5  [ 5]
|100101                                       25  [ 6]
|100110                                       26  [ 6]
|100111                                       27  [ 6]
|00110                                         6  [ 5]
|1110100                                      74  [ 7]
|1110101                                      75  [ 7]
|101000                                       28  [ 6]
|101001                                       29  [ 6]
|101010                                       2a  [ 6]
|00111                                         7  [ 5]
|101011                                       2b  [ 6]
|1110110                                      76  [ 7]
|101100                                       2c  [ 6]
|01000                                         8  [ 5]
|01001                                         9  [ 5]
|101101                                       2d  [ 6]
|1110111                                      77  [ 7]
|1111000                                      78  [ 7]
|1111001                                      79  [ 7]
|1111010                                      7a  [ 7]
|1111011                                      7b  [ 7]
|11111111|1111110                           7ffe  [15]
|11111111|100                                7fc  [11]
|11111111|111101                            3ffd  [14]
|11111111|11101                             1ffd  [13]
|11111111|11111111|11111111|1100         ffffffc  [28]
|11111111|11111110|0110                    fffe6  [20]
|11111111|11111111|010010                 3fffd2  [22]
|11111111|11111110|0111                    fffe7  [20]
|11111111|11111110|1000                    fffe8  [20]
|11111111|11111111|010011                 3fffd3  [22]
|11111111|11111111|010100                 3fffd4  [22]
|11111111|11111111|010101                 3fffd5  [22]
|11111111|11111111|1011001                7fffd9  [23]
|11111111|11111111|010110                 3fffd6  [22]
|11111111|11111111|1011010                7fffda  [23]
|11111111|11111111|1011011                7fffdb  [23]
|11111111|11111111|1011100                7fffdc  [23]
|11111111|11111111|1011101                7fffdd  [23]
|11111111|11111111|1011110                7fffde  [23]
|11111111|11111111|11101011               ffffeb  [24]
|11111111|11111111|1011111                7fffdf  [23]
|11111111|11111111|11101100               ffffec  [24]
|11111111|11111111|11101101               ffffed  [24]
|11111111|11111111|010111                 3fffd7  [22]
|11111111|11111111|1100000                7fffe0  [23]
|11111111|11111111|11101110               ffffee  [24]
|11111111|11111111|1100001                7fffe1  [23]
|11111111|11111111|1100010                7fffe2  [23]
|11111111|11111111|1100011                7fffe3  [23]
|11111111|11111111|1100100                7fffe4  [23]
|11111111|11111110|11100                  1fffdc  [21]
|11111111|11111111|011000                 3fffd8  [22]
|11111111|11111111|1100101                7fffe5  [23]
|11111111|11111111|011001                 3fffd9  [22]
|11111111|11111111|1100110                7fffe6  [23]
|11111111|11111111|1100111                7fffe7  [23]
|11111111|11111111|11101111               ffffef  [24]
|11111111|11111111|011010                 3fffda  [22]
|11111111|11111110|11101                  1fffdd  [21]
|11111111|11111110|1001                    fffe9  [20]
|11111111|11111111|011011                 3fffdb  [22]
|11111111|11111111|011100                 3fffdc  [22]
|11111111|11111111|1101000                7fffe8  [23]
|11111111|11111111|1101001                7fffe9  [23]
|11111111|11111110|11110                  1fffde  [21]
|11111111|11111111|1101010                7fffea  [23]
|11111111|11111111|011101                 3fffdd  [22]
|11111111|11111111|011110                 3fffde  [22]
|11111111|11111111|11110000               fffff0  [24]
|11111111|11111110|11111                  1fffdf  [21]
|11111111|11111111|011111                 3fffdf  [22]
|11111111|11111111|1101011                7fffeb  [23]
|11111111|11111111|1101100                7fffec  [23]
|11111111|11111111|00000                  1fffe0  [21]
|11111111|11111111|00001                  1fffe1  [21]
|11111111|11111111|100000                 3fffe0  [22]
|11111111|11111111|00010                  1fffe2  [21]
|11111111|11111111|1101101                7fffed  [23]
|11111111|11111111|100001                 3fffe1  [22]
|11111111|11111111|1101110                7fffee  [23]
|11111111|11111111|1101111                7fffef  [23]
|11111111|11111110|1010                    fffea  [20]
|11111111|11111111|100010                 3fffe2  [22]
|11111111|11111111|100011                 3fffe3  [22]
|11111111|11111111|100100                 3fffe4  [22]
|11111111|11111111|1110000                7ffff0  [23]
|11111111|11111111|100101                 3fffe5  [22]
|11111111|11111111|100110                 3fffe6  [22]
|11111111|11111111|1110001                7ffff1  [23]
|11111111|11111111|11111000|00           3ffffe0  [26]
|11111111|11111111|11111000|01           3ffffe1  [26]
|11111111|11111110|1011                    fffeb  [20]
|11111111|11111110|001                     7fff1  [19]
|11111111|11111111|100111                 3fffe7  [22]
|11111111|11111111|1110010                7ffff2  [23]
|11111111|11111111|101000                 3fffe8  [22]
|11111111|11111111|11110110|0            1ffffec  [25]
|11111111|11111111|11111000|10           3ffffe2  [26]
|11111111|11111111|11111000|11           3ffffe3  [26]
|11111111|11111111|11111001|00           3ffffe4  [26]
|11111111|11111111|11111011|110          7ffffde  [27]
|11111111|11111111|11111011|111          7ffffdf  [27]
|11111111|11111111|11111001|01           3ffffe5  [26]
|11111111|11111111|11110001               fffff1  [24]
|11111111|11111111|11110110|1            1ffffed  [25]
|11111111|11111110|010                     7fff2  [19]
|11111111|11111111|00011                  1fffe3  [21]
|11111111|11111111|11111001|10           3ffffe6  [26]
|11111111|11111111|11111100|000          7ffffe0  [27]
|11111111|11111111|11111100|001          7ffffe1  [27]
|11111111|11111111|11111001|11           3ffffe7  [26]
|11111111|11111111|11111100|010          7ffffe2  [27]
|11111111|11111111|11110010               fffff2  [24]
|11111111|11111111|00100                  1fffe4  [21]
|11111111|11111111|00101                  1fffe5  [21]
|11111111|11111111|11111010|00           3ffffe8  [26]
|11111111|11111111|11111010|01           3ffffe9  [26]
|11111111|11111111|11111111|1101         ffffffd  [28]
|11111111|11111111|11111100|011          7ffffe3  [27]
|11111111|11111111|11111100|100          7ffffe4  [27]
|11111111|11111111|11111100|101          7ffffe5  [27]
|11111111|11111110|1100                    fffec  [20]
|11111111|11111111|11110011               fffff3  [24]
|11111111|11111110|1101                    fffed  [20]
|11111111|11111111|00110                  1fffe6  [21]
|11111111|11111111|101001                 3fffe9  [22]
|11111111|11111111|00111                  1fffe7  [21]
|11111111|11111111|01000                  1fffe8  [21]
|11111111|11111111|1110011                7ffff3  [23]
|11111111|11111111|101010                 3fffea  [22]
|11111111|11111111|101011                 3fffeb  [22]
|11111111|11111111|11110111|0            1ffffee  [25]
|11111111|11111111|11110111|1            1ffffef  [25]
|11111111|11111111|11110100               fffff4  [24]
|11111111|11111111|11110101               fffff5  [24]
|11111111|11111111|11111010|10           3ffffea  [26]
|11111111|11111111|1110100                7ffff4  [23]
|11111111|11111111|11111010|11           3ffffeb  [26]
|11111111|11111111|11111100|110          7ffffe6  [27]
|11111111|11111111|11111011|00           3ffffec  [26]
|11111111|11111111|11111011|01           3ffffed  [26]
|11111111|11111111|11111100|111          7ffffe7  [27]
|11111111|11111111|11111101|000          7ffffe8  [27]
|11111111|11111111|11111101|001          7ffffe9  [27]
|11111111|11111111|11111101|010          7ffffea  [27]
|11111111|11111111|11111101|011          7ffffeb  [27]
|11111111|11111111|11111111|1110         ffffffe  [28]
|11111111|11111111|11111101|100          7ffffec  [27]
|11111111|11111111|11111101|101          7ffffed  [27]
|11111111|11111111|11111101|110          7ffffee  [27]
|11111111|11111111|11111101|111          7ffffef  [27]
|11111111|11111111|11111110|000          7fffff0  [27]
|11111111|11111111|11111011|10           3ffffee  [26]
|11111111|11111111|11111111|111111      3fffffff  [30]